{
  "advancedEditorSelectedIdentifier" : "ProjectBrowser",
  "openSceneRelativePaths" : [
    "static_scene.usda",
    "complete_scene.usda",
    "matty_mat.usda"
  ],
  "recentIdentifiers" : {
    "332AF218-F907-42B1-852A-847C0072D882" : [

    ]
  },
  "sceneCameraHistory" : {
    "22F2A0F3-5D16-4268-B368-F82869307CDF" : [
      {
        "date" : 745210818.696518,
        "title" : "Untitled",
        "transform" : [
          1,
          0,
          -0,
          0,
          -0,
          0.8660103,
          -0.5000263,
          0,
          0,
          0.5000263,
          0.8660103,
          0,
          0,
          107.666756,
          176.28174,
          1
        ]
      }
    ],
    "332AF218-F907-42B1-852A-847C0072D882" : [
      {
        "date" : 745677874.906548,
        "title" : "Untitled",
        "transform" : [
          1,
          0,
          0,
          0,
          0,
          0.8544111,
          -0.51959765,
          0,
          0,
          0.51959765,
          0.8544111,
          0,
          -0.0009382367,
          0.3661503,
          0.65790004,
          1
        ]
      },
      {
        "date" : 745677764.365456,
        "title" : "Untitled",
        "transform" : [
          1,
          0,
          0,
          0,
          0,
          0.8544111,
          -0.51959765,
          0,
          0,
          0.51959765,
          0.8544111,
          0,
          0.009789258,
          0.33429867,
          0.57320464,
          1
        ]
      },
      {
        "date" : 745677722.778345,
        "title" : "Untitled",
        "transform" : [
          1,
          0,
          0,
          0,
          0,
          0.8544111,
          -0.51959765,
          0,
          0,
          0.51959765,
          0.8544111,
          0,
          0.19483276,
          0.36064976,
          0.5571797,
          1
        ]
      },
      {
        "date" : 745677720.938971,
        "title" : "Untitled",
        "transform" : [
          1,
          0,
          0,
          0,
          0,
          0.8544111,
          -0.51959765,
          0,
          0,
          0.51959765,
          0.8544111,
          0,
          0.0028069955,
          0.30973154,
          0.5881448,
          1
        ]
      },
      {
        "date" : 745677664.08766,
        "title" : "Untitled",
        "transform" : [
          1,
          0,
          0,
          0,
          0,
          0.8544111,
          -0.51959765,
          0,
          0,
          0.51959765,
          0.8544111,
          0,
          0.0049122646,
          0.54203266,
          1.029258,
          1
        ]
      },
      {
        "date" : 745677577.874322,
        "title" : "Untitled",
        "transform" : [
          1,
          0,
          0,
          0,
          0,
          0.8544111,
          -0.51959765,
          0,
          0,
          0.51959765,
          0.8544111,
          0,
          -0.04189872,
          0.45617422,
          0.884321,
          1
        ]
      },
      {
        "date" : 745677576.456075,
        "title" : "Untitled",
        "transform" : [
          1,
          0,
          0,
          0,
          0,
          0.8544111,
          -0.51959765,
          0,
          0,
          0.51959765,
          0.8544111,
          0,
          -0.033802457,
          0.3680258,
          0.71344,
          1
        ]
      },
      {
        "date" : 745677508.20459,
        "title" : "Untitled",
        "transform" : [
          1,
          0,
          -0,
          0,
          -0,
          0.8544111,
          -0.51959765,
          0,
          0,
          0.51959765,
          0.8544111,
          0,
          -8.381903e-09,
          0.27530196,
          0.7698286,
          1
        ]
      },
      {
        "date" : 745677413.078033,
        "title" : "Untitled",
        "transform" : [
          1,
          0,
          0,
          0,
          0,
          0.8544111,
          -0.51959765,
          0,
          0,
          0.51959765,
          0.8544111,
          0,
          -0.009615273,
          0.5850737,
          0.83133024,
          1
        ]
      },
      {
        "date" : 745210359.884471,
        "title" : "Untitled",
        "transform" : [
          1,
          0,
          0,
          0,
          0,
          0.8544111,
          -0.51959765,
          0,
          0,
          0.51959765,
          0.8544111,
          0,
          0.0049708774,
          0.68228126,
          0.7722149,
          1
        ]
      }
    ],
    "B36163D3-2FAA-4089-8BB3-D04811409E6C" : [
      {
        "date" : 745210338.272988,
        "title" : "Untitled",
        "transform" : [
          0.99999994,
          0,
          -0,
          0,
          -0,
          0.8660254,
          -0.49999994,
          0,
          0,
          0.49999994,
          0.8660254,
          0,
          0,
          0.21134003,
          0.3660517,
          1
        ]
      }
    ],
    "BBB0B6BA-6601-4FF2-9CDF-23ED8971173E" : [
      {
        "date" : 745677656.195669,
        "title" : "Untitled",
        "transform" : [
          0.9999192,
          0,
          0.012710223,
          0,
          0.008987484,
          0.7071069,
          -0.7070496,
          0,
          -0.0089874845,
          0.70710677,
          0.7070497,
          0,
          -0.00795578,
          0.6259355,
          0.62588507,
          1
        ]
      }
    ],
    "C75C5236-061A-4E6F-B9C4-077E9ED8878F" : [
      {
        "date" : 745210845.177817,
        "title" : "Untitled",
        "transform" : [
          1,
          0,
          -0,
          0,
          -0,
          0.8660103,
          -0.5000263,
          0,
          0,
          0.5000263,
          0.8660103,
          0,
          0,
          107.666756,
          176.28174,
          1
        ]
      }
    ]
  },
  "selectedSceneRelativePath" : "static_scene.usda"
}